  (0, 17010)	0.35539512263395967
  (0, 18120)	0.46735808188368605
  (0, 12546)	0.46735808188368605
  (0, 10082)	0.46735808188368605
  (0, 11777)	0.46735808188368605
  (1, 7104)	0.08775233977421247
  (1, 17639)	0.13692381657278396
  (1, 19251)	0.16499247878407097
  (1, 8125)	0.2235705879337071
  (1, 6242)	0.18288311686859238
  (1, 4379)	0.15225886558202578
  (1, 2979)	0.08055772359607231
  (1, 4358)	0.0817809639507441
  (1, 12399)	0.199549351731313
  (1, 11615)	0.199549351731313
  (1, 23447)	0.199549351731313
  (1, 7390)	0.199549351731313
  (1, 1116)	0.199549351731313
  (1, 19490)	0.20805041384973463
  (1, 14408)	0.17879547784993907
  (1, 14264)	0.3086114862666419
  (1, 13011)	0.19237815266585295
  (1, 21544)	0.19237815266585295
  (1, 19282)	0.15225886558202578
  (1, 21109)	0.1784283219334154
  :	:
  (3304, 21419)	0.1691160741404338
  (3304, 21753)	0.1691160741404338
  (3304, 11384)	0.1691160741404338
  (3304, 11413)	0.1691160741404338
  (3304, 4188)	0.1691160741404338
  (3304, 10582)	0.1691160741404338
  (3304, 21157)	0.1691160741404338
  (3304, 4190)	0.1691160741404338
  (3304, 10683)	0.1691160741404338
  (3304, 22644)	0.1691160741404338
  (3304, 70)	0.1691160741404338
  (3305, 1520)	0.1027982364479205
  (3305, 1842)	0.10790027320213569
  (3305, 1407)	0.10244101335869639
  (3305, 3832)	0.2569392281775631
  (3305, 13436)	0.19430676728172844
  (3305, 22878)	0.28732115978049166
  (3305, 16201)	0.23284773597861239
  (3305, 24200)	0.303253614885487
  (3305, 13409)	0.3145578716814313
  (3305, 14773)	0.3145578716814313
  (3305, 6802)	0.33049032678642665
  (3305, 6911)	0.33049032678642665
  (3305, 2060)	0.33049032678642665
  (3305, 949)	0.33049032678642665